1055.00000 1004.00000 1126.00000 1178.00000 1320.00000 1413.00000 1448.00000 1714.00000 1737.00000 1839.00000 1987.00000 2000.00000 2000.00000 2000.00000 2000.00000 2000.00000 2000.00000 2000.00000 2000.00000 2000.00000 2000.00000 2000.00000 2000.00000 2000.00000 2000.00000 2000.00000 2000.00000 2000.00000 2000.00000 2000.00000
1035.00000 1015.00000 1155.00000 1174.00000 1308.00000 1422.00000 1486.00000 1684.00000 1753.00000 1882.00000 1971.00000 2000.00000 2000.00000 2000.00000 2000.00000 2000.00000 2000.00000 2000.00000 2000.00000 2000.00000 2000.00000 2000.00000 2000.00000 2000.00000 2000.00000 2000.00000 2000.00000 2000.00000 2000.00000 2000.00000
951.00000 1005.00000 1200.00000 1140.00000 1276.00000 1417.00000 1496.00000 1660.00000 1723.00000 1853.00000 2000.00000 2000.00000 2000.00000 2000.00000 2000.00000 2000.00000 2000.00000 2000.00000 2000.00000 2000.00000 2000.00000 2000.00000 2000.00000 2000.00000 2000.00000 2000.00000 2000.00000 2000.00000 2000.00000 2000.00000
1017.00000 1067.00000 1155.00000 1113.00000 1271.00000 1409.00000 1531.00000 1640.00000 1732.00000 1859.00000 1974.00000 2000.00000 2000.00000 2000.00000 2000.00000 2000.00000 2000.00000 2000.00000 2000.00000 2000.00000 2000.00000 2000.00000 2000.00000 2000.00000 2000.00000 2000.00000 2000.00000 2000.00000 2000.00000 2000.00000
996.00000 954.00000 1163.00000 1178.00000 1296.00000 1445.00000 1543.00000 1642.00000 1741.00000 1841.00000 1880.00000 2000.00000 2000.00000 2000.00000 2000.00000 2000.00000 2000.00000 2000.00000 2000.00000 2000.00000 2000.00000 2000.00000 2000.00000 2000.00000 2000.00000 2000.00000 2000.00000 2000.00000 2000.00000 2000.00000
1006.00000 957.00000 1151.00000 1173.00000 1261.00000 1416.00000 1450.00000 1687.00000 1681.00000 1842.00000 2000.00000 2000.00000 2000.00000 2000.00000 2000.00000 2000.00000 2000.00000 2000.00000 2000.00000 2000.00000 2000.00000 2000.00000 2000.00000 2000.00000 2000.00000 2000.00000 2000.00000 2000.00000 2000.00000 2000.00000
1015.00000 971.00000 1148.00000 1151.00000 1282.00000 1431.00000 1509.00000 1743.00000 1713.00000 1884.00000 2000.00000 2000.00000 2000.00000 2000.00000 2000.00000 2000.00000 2000.00000 2000.00000 2000.00000 2000.00000 2000.00000 2000.00000 2000.00000 2000.00000 2000.00000 2000.00000 2000.00000 2000.00000 2000.00000 2000.00000
1053.00000 1016.00000 1155.00000 1179.00000 1292.00000 1412.00000 1543.00000 1702.00000 1730.00000 1858.00000 1960.00000 2000.00000 2000.00000 2000.00000 2000.00000 2000.00000 2000.00000 2000.00000 2000.00000 2000.00000 2000.00000 2000.00000 2000.00000 2000.00000 2000.00000 2000.00000 2000.00000 2000.00000 2000.00000 2000.00000
1039.00000 1030.00000 1134.00000 1120.00000 1272.00000 1379.00000 1486.00000 1640.00000 1748.00000 1795.00000 1945.00000 2000.00000 2000.00000 2000.00000 2000.00000 2000.00000 2000.00000 2000.00000 2000.00000 2000.00000 2000.00000 2000.00000 2000.00000 2000.00000 2000.00000 2000.00000 2000.00000 2000.00000 2000.00000 2000.00000
1019.00000 950.00000 1132.00000 1162.00000 1312.00000 1341.00000 1524.00000 1636.00000 1751.00000 1824.00000 1957.00000 2000.00000 2000.00000 2000.00000 2000.00000 2000.00000 2000.00000 2000.00000 2000.00000 2000.00000 2000.00000 2000.00000 2000.00000 2000.00000 2000.00000 2000.00000 2000.00000 2000.00000 2000.00000 2000.00000
