1754.00000 1751.00000 1845.00000 1844.00000 1791.00000 1851.00000 1794.00000 1847.00000 1799.00000 1813.00000 1803.00000 1817.00000 1847.00000 1930.00000 1829.00000 1819.00000 1802.00000 1846.00000 1877.00000 1914.00000 1898.00000 1839.00000 1861.00000 1901.00000 1963.00000 1940.00000 1927.00000 1935.00000 1964.00000 1914.00000
1747.00000 1759.00000 1761.00000 1842.00000 1771.00000 1823.00000 1795.00000 1772.00000 1811.00000 1684.00000 1839.00000 1860.00000 1857.00000 1863.00000 1936.00000 1852.00000 1881.00000 1905.00000 1880.00000 1883.00000 1881.00000 1865.00000 1907.00000 1908.00000 1887.00000 1866.00000 2000.00000 1945.00000 1951.00000 1941.00000
1694.00000 1717.00000 1802.00000 1824.00000 1735.00000 1817.00000 1832.00000 1802.00000 1789.00000 1789.00000 1818.00000 1830.00000 1844.00000 1856.00000 1908.00000 1864.00000 1901.00000 1933.00000 1792.00000 1887.00000 1895.00000 1871.00000 1887.00000 1955.00000 1895.00000 1907.00000 1953.00000 1926.00000 1922.00000 1969.00000
1730.00000 1740.00000 1764.00000 1826.00000 1822.00000 1810.00000 1824.00000 1873.00000 1792.00000 1775.00000 1822.00000 1714.00000 1876.00000 1893.00000 1904.00000 1865.00000 1855.00000 1899.00000 1844.00000 1837.00000 1819.00000 1882.00000 1954.00000 1913.00000 1919.00000 1945.00000 1935.00000 1928.00000 1880.00000 1891.00000
1777.00000 1757.00000 1810.00000 1857.00000 1805.00000 1815.00000 1836.00000 1785.00000 1837.00000 1808.00000 1836.00000 1794.00000 1891.00000 1899.00000 1864.00000 1810.00000 1905.00000 1842.00000 1836.00000 1886.00000 1883.00000 1927.00000 1873.00000 1876.00000 1865.00000 1908.00000 1885.00000 1947.00000 1940.00000 1867.00000
1800.00000 1752.00000 1828.00000 1845.00000 1831.00000 1776.00000 1839.00000 1801.00000 1799.00000 1837.00000 1781.00000 1753.00000 1878.00000 1897.00000 1879.00000 1832.00000 1887.00000 1857.00000 1847.00000 1911.00000 1899.00000 1902.00000 1907.00000 1968.00000 1967.00000 1933.00000 1920.00000 1863.00000 1956.00000 1921.00000
1690.00000 1750.00000 1797.00000 1790.00000 1807.00000 1792.00000 1839.00000 1827.00000 1796.00000 1877.00000 1785.00000 1810.00000 1900.00000 1822.00000 1902.00000 1809.00000 1904.00000 1796.00000 1822.00000 1894.00000 1899.00000 1887.00000 1850.00000 1942.00000 1910.00000 1959.00000 1880.00000 1975.00000 1938.00000 1934.00000
1755.00000 1805.00000 1767.00000 1773.00000 1860.00000 1851.00000 1801.00000 1766.00000 1782.00000 1839.00000 1773.00000 1799.00000 1855.00000 1873.00000 1827.00000 1873.00000 1840.00000 1918.00000 1906.00000 1946.00000 1840.00000 1903.00000 1859.00000 1941.00000 1883.00000 1941.00000 1924.00000 1876.00000 1940.00000 1952.00000
1726.00000 1751.00000 1806.00000 1845.00000 1771.00000 1770.00000 1783.00000 1889.00000 1816.00000 1758.00000 1820.00000 1875.00000 1808.00000 1824.00000 1862.00000 1800.00000 1855.00000 1840.00000 1871.00000 1902.00000 1925.00000 1837.00000 1880.00000 1953.00000 1882.00000 1954.00000 1948.00000 1972.00000 1894.00000 1898.00000
1713.00000 1735.00000 1792.00000 1758.00000 1841.00000 1814.00000 1849.00000 1742.00000 1814.00000 1797.00000 1818.00000 1783.00000 1874.00000 1897.00000 1836.00000 1897.00000 1889.00000 1878.00000 1863.00000 1808.00000 1852.00000 1888.00000 1857.00000 1924.00000 1927.00000 1882.00000 1888.00000 1936.00000 1920.00000 1934.00000
