# Nm = 3, Fully Mixed, P=40,K= 5, N=M=100
300.00000 0.18588
330.00000 0.30522
360.00000 0.26490
390.00000 0.26490
420.00000 0.22990
450.00000 0.22990
480.00000 0.19953
510.00000 0.22990
540.00000 0.18588
570.00000 0.19953
600.00000 0.26490
630.00000 0.22990
660.00000 0.22990
690.00000 0.18588
720.00000 0.19953
750.00000 0.26490
780.00000 0.19953
810.00000 0.19953
840.00000 0.28435
870.00000 0.22990
900.00000 0.26490
930.00000 0.18588
960.00000 0.21418
990.00000 0.22990
1000.00000 0.17317
1020.00000 0.09824
1040.00000 0.05983
1060.00000 0.05574
1080.00000 0.04198
1100.00000 0.03692
1120.00000 0.03171
1140.00000 0.03115
1160.00000 0.02885
1180.00000 0.02663
1200.00000 0.02194
1220.00000 0.02074
1240.00000 0.02123
1260.00000 0.01603
1280.00000 0.01818
1300.00000 0.01790
1320.00000 0.01608
1340.00000 0.01584
1360.00000 0.01411
1380.00000 0.01538
1400.00000 0.01370
1420.00000 0.01279
1440.00000 0.01261
1460.00000 0.01174
1480.00000 0.01089
1500.00000 0.01067
1600.00000 0.00813
1700.00000 0.00706
1800.00000 0.00611
1900.00000 0.00579
2000.00000 0.00600
2100.00000 0.00429
2200.00000 0.00500
2300.00000 0.00391
2400.00000 0.00375
2500.00000 0.00320
2600.00000 0.00308
2700.00000 0.00296
2800.00000 0.00286
2900.00000 0.00241
